t=0:0.05:60;
tf=60;
Tp=tf;
[dy]=ode45(@sys_ode,t,[0,0,0,0,0,0,0.3803,-0.6198,1.2867,2.4411,1.7062,-1.0058,],Tp);